5 65 87 95 153
2 60 113 92 189
1 53 175 79 231
1 82 57 104 109
3 86 27 110 75
3 42 227 74 277
6 36 279 66 333
6 89 0 111 42
4 126 3 142 41
4 123 36 139 74
4 116 70 134 110
4 112 104 130 144
4 105 144 125 184
4 98 189 120 231
4 92 232 112 278
4 83 285 105 329
11 320 76 346 146
8 324 107 352 187
7 321 50 341 106
7 330 172 354 226
9 314 20 336 72
9 325 219 351 277
12 334 281 362 337
12 316 0 336 36
10 284 32 302 72
10 284 0 302 38
10 284 67 302 107
10 286 103 304 145
10 285 146 303 186
10 287 190 307 230
10 286 232 308 274
10 288 282 314 328
