5 307 93 337 161
2 309 119 341 197
1 320 182 346 240
1 301 62 323 116
3 295 31 319 81
3 324 236 356 288
6 330 289 360 345
6 296 7 318 47
4 262 7 280 45
4 265 40 281 78
4 268 75 286 115
4 271 110 289 150
4 275 151 295 191
4 278 195 300 239
4 285 241 305 287
4 290 294 312 340
11 52 76 78 148
8 45 108 73 190
7 58 51 78 107
7 40 175 64 231
9 65 19 87 73
9 41 222 67 282
12 26 286 56 344
12 67 1 87 37
10 99 33 117 73
10 101 3 119 39
10 97 69 115 109
10 94 105 112 147
10 93 149 113 191
10 87 195 107 235
10 85 236 107 280
10 76 287 102 335
