5 320 75 348 143
2 322 101 354 179
1 334 164 360 220
1 311 46 333 98
3 306 16 330 64
3 338 217 368 267
6 345 269 375 323
6 307 0 327 32
4 273 0 291 32
4 276 26 292 64
4 280 60 298 100
4 285 94 301 134
4 288 135 308 175
4 292 178 314 222
4 299 223 319 269
4 305 275 327 321
11 67 71 91 143
8 60 102 88 184
7 72 46 92 102
7 57 169 79 225
9 78 14 100 68
9 58 217 84 275
12 45 281 73 337
12 79 0 99 32
10 112 26 130 66
10 114 0 130 32
10 111 62 127 102
10 108 98 126 140
10 108 141 126 183
10 103 187 121 227
10 102 228 122 272
10 93 280 119 326
