5 316 97 346 163
2 319 122 349 202
1 290 240 314 300
1 306 64 328 122
12 343 291 375 351
12 301 6 321 56
3 171 145 195 201
3 236 30 256 86
4 271 47 287 83
4 266 6 284 48
4 291 202 311 244
4 285 155 305 199
4 274 77 292 121
4 207 110 223 154
4 250 246 272 292
4 263 300 285 348
12 66 0 90 46
12 89 295 119 353
8 49 116 81 200
11 55 85 87 157
7 47 183 75 243
7 135 1 157 47
9 136 57 160 115
9 50 232 82 292
10 177 298 201 344
10 97 202 117 244
10 95 245 119 291
10 101 157 121 201
10 172 111 190 153
10 167 42 185 82
10 103 75 121 119
10 102 4 122 48
