5 64 82 94 148
2 62 107 92 187
1 101 225 125 283
1 81 49 103 107
12 42 276 74 334
12 84 0 106 42
3 217 130 241 186
3 151 15 171 71
4 121 32 137 68
4 122 0 142 34
4 103 187 123 229
4 107 140 127 184
4 117 62 135 106
4 187 95 203 139
4 143 232 165 278
4 132 284 154 332
12 317 0 341 32
12 298 280 328 338
8 330 102 362 186
11 323 70 355 143
7 338 169 366 229
7 250 0 272 34
9 249 43 273 101
9 333 218 365 278
10 216 284 240 330
10 297 187 317 229
10 296 231 320 277
10 291 143 311 187
10 221 96 239 138
10 223 28 241 68
10 288 60 306 104
10 284 0 304 34
