5 324 86 354 154
2 325 111 355 193
1 293 230 317 290
1 315 54 337 112
12 344 282 376 342
12 311 6 331 46
3 176 133 200 189
3 246 18 266 74
4 280 36 296 72
4 276 5 294 37
4 295 192 315 234
4 291 145 311 189
4 283 67 301 111
4 213 98 231 142
4 253 237 275 283
4 264 289 286 339
12 76 1 98 33
12 90 283 118 341
8 54 102 86 188
11 61 72 93 144
7 51 170 77 230
7 145 2 167 36
9 144 45 168 103
9 53 219 83 279
10 178 288 202 334
10 101 189 121 231
10 97 233 121 279
10 106 145 126 189
10 178 99 196 141
10 175 30 193 70
10 110 62 128 106
10 111 2 131 36
