6 329 317 363 377
6 291 7 315 55
5 271 142 301 218
2 299 86 335 172
3 318 210 350 268
3 229 117 257 177
1 293 35 319 95
1 193 112 215 172
4 285 323 311 373
4 267 125 287 171
4 221 49 241 97
4 191 11 211 55
4 191 88 211 134
4 198 171 218 217
4 226 214 248 264
4 198 266 222 320
8 27 129 61 215
9 116 110 142 170
9 24 206 56 266
12 106 310 136 372
12 51 4 75 58
7 43 27 69 91
7 17 258 45 320
11 79 53 111 127
10 87 43 105 89
10 78 120 98 166
10 150 7 170 53
10 148 79 170 127
10 75 165 97 211
10 66 268 90 316
10 152 321 178 373
10 149 220 171 268
