6 344 315 376 371
6 293 15 315 61
5 281 146 309 218
2 306 92 340 174
3 329 211 359 267
3 239 121 265 179
1 297 42 321 100
1 204 116 224 174
4 301 320 327 368
4 275 130 295 174
4 228 56 246 102
4 197 19 215 61
4 201 94 219 138
4 210 174 230 218
4 240 215 260 263
4 216 266 238 318
8 44 134 76 218
9 128 116 154 174
9 45 209 75 265
12 128 309 156 369
12 62 13 84 65
7 56 35 80 97
7 41 259 67 319
11 92 61 122 131
10 97 51 115 95
10 93 125 111 169
10 157 16 175 60
10 158 85 178 131
10 91 169 113 213
10 87 268 109 314
10 174 319 198 369
10 165 221 187 269
