6 48 304 80 362
6 103 3 127 47
5 114 133 142 207
2 81 76 115 162
3 64 198 94 256
3 159 111 185 169
1 100 26 124 86
1 200 106 220 166
4 98 310 124 360
4 128 117 148 163
4 176 43 194 91
4 207 7 225 51
4 204 82 222 128
4 195 164 215 210
4 165 206 185 254
4 189 258 211 312
8 352 129 384 215
9 272 108 296 168
9 354 206 384 264
12 272 305 300 367
12 341 8 363 60
7 346 29 370 91
7 364 257 390 319
11 305 53 333 125
10 310 43 328 89
10 316 119 334 163
10 248 6 266 50
10 246 76 266 122
10 314 163 336 209
10 320 264 342 312
10 230 314 254 366
10 239 214 261 262
