3 156 22 180 76
3 221 131 245 191
1 104 229 130 287
1 83 57 107 115
2 65 108 97 194
6 47 277 79 339
6 157 1 179 43
5 152 82 176 154
4 127 33 145 73
4 121 70 141 112
4 107 190 129 232
4 111 144 131 186
4 147 235 169 283
4 136 289 158 337
4 188 1 208 41
4 191 102 209 144
7 255 2 277 38
8 334 109 366 193
7 344 175 370 233
11 328 76 358 150
12 302 284 330 344
12 320 2 344 40
9 339 220 369 282
9 255 50 277 106
10 225 101 245 145
10 228 30 248 74
10 290 2 308 40
10 293 66 311 110
10 295 148 317 190
10 299 194 321 236
10 300 236 322 280
10 222 287 244 331
