3 229 26 253 80
3 162 134 186 192
1 272 230 300 286
1 299 62 323 118
2 307 111 339 195
6 323 278 355 338
6 230 0 252 48
5 230 86 256 156
4 263 38 281 78
4 266 74 286 116
4 275 191 297 233
4 274 146 294 188
4 235 235 257 283
4 245 287 267 335
4 202 5 220 45
4 198 105 216 145
7 134 0 156 42
8 45 111 77 193
7 40 175 66 231
11 52 78 84 152
12 76 283 106 341
12 68 0 92 44
9 40 220 70 280
9 133 54 155 108
10 163 104 183 146
10 162 34 182 78
10 102 0 122 44
10 99 70 119 112
10 92 149 114 191
10 87 195 109 235
10 85 235 107 279
10 162 285 184 329
