3 159 32 181 84
3 218 139 242 197
1 101 232 127 288
1 86 66 110 122
2 67 114 99 198
6 43 279 75 339
6 160 5 182 53
5 152 90 176 160
4 130 43 148 81
4 124 78 142 120
4 106 195 128 235
4 111 149 131 191
4 142 239 164 285
4 130 291 152 337
4 191 11 209 51
4 191 110 209 150
7 254 4 278 50
8 327 118 359 200
7 335 182 361 238
11 322 86 352 158
12 291 288 319 346
12 318 5 342 51
9 329 227 359 287
9 254 60 276 114
10 223 110 243 152
10 228 40 248 84
10 290 6 308 50
10 289 77 307 119
10 290 156 310 196
10 291 201 313 241
10 291 241 313 285
10 213 289 235 333
