8 337 94 369 180
2 64 102 98 186
11 330 62 360 136
5 65 76 97 148
9 344 212 376 272
3 220 121 246 181
3 154 7 176 65
7 348 164 374 222
9 254 34 276 92
12 309 277 337 335
7 330 37 354 95
1 84 44 106 102
1 106 223 132 279
1 47 278 79 334
1 86 0 108 32
10 225 282 249 330
4 147 228 171 274
4 139 284 161 330
10 303 182 329 228
12 322 0 344 22
10 305 227 331 273
10 297 135 323 179
10 289 0 309 24
10 292 53 314 97
4 107 183 129 227
4 190 88 210 132
4 118 59 138 101
10 227 18 247 60
10 296 92 318 134
4 122 24 140 64
4 124 0 142 26
4 109 134 131 180
