8 327 120 355 204
2 62 116 92 198
11 321 88 347 162
5 64 91 94 161
9 329 235 359 293
3 214 142 236 200
3 153 28 173 86
7 334 189 358 245
9 249 60 269 116
12 292 295 318 351
7 323 65 343 121
1 85 62 103 118
1 98 234 122 290
1 39 285 69 339
1 88 3 108 49
10 212 297 232 343
4 138 241 160 287
4 128 296 148 340
10 291 204 315 248
12 317 9 337 51
10 290 247 314 291
10 286 158 310 202
10 285 8 303 52
10 284 79 304 121
4 101 196 121 238
4 185 108 203 150
4 116 76 134 118
10 223 42 241 84
10 287 116 307 158
4 121 42 139 82
4 125 7 141 45
4 105 148 125 194
