8 58 108 86 190
2 315 108 345 188
11 64 77 90 149
5 313 84 343 152
9 55 221 85 277
3 174 131 196 187
3 235 21 255 77
7 55 174 79 230
9 141 49 161 105
12 95 281 121 335
7 68 54 88 108
1 303 55 323 109
1 286 224 310 278
1 340 275 370 327
1 298 0 318 42
10 180 284 200 328
4 250 230 272 274
4 262 283 282 327
10 98 191 122 233
12 74 0 94 40
10 98 234 122 276
10 102 146 126 188
10 107 0 125 40
10 106 68 126 110
4 288 186 308 228
4 207 100 225 140
4 273 69 291 109
10 168 33 186 73
10 104 105 124 145
4 268 36 286 74
4 266 0 282 38
4 283 140 303 184
