1 299 42 319 96
1 210 111 230 165
5 287 140 309 208
3 308 88 338 166
6 346 302 376 358
6 291 14 313 62
3 329 202 359 258
4 278 124 296 166
3 242 117 268 173
4 264 21 282 61
4 232 55 250 97
4 207 90 225 132
4 213 168 235 210
4 306 306 328 352
4 244 207 264 251
4 221 257 243 303
9 137 111 161 165
12 138 297 166 353
12 73 14 93 62
7 66 34 90 92
7 51 247 79 305
8 56 129 86 211
10 167 83 185 125
11 102 59 130 127
10 163 18 181 58
10 106 49 124 89
10 101 121 121 163
10 101 161 123 205
10 99 257 119 299
10 174 208 194 256
10 182 308 206 352
