1 298 39 318 93
1 207 109 227 163
5 285 139 307 209
3 307 86 337 166
6 343 303 375 361
6 291 10 313 60
3 328 202 358 260
4 276 123 294 165
3 239 115 265 173
4 262 17 280 59
4 230 52 248 94
4 204 87 222 131
4 210 165 232 209
4 303 308 325 354
4 241 207 261 251
4 217 257 239 303
9 133 108 157 162
12 133 296 161 354
12 68 10 88 58
7 62 30 86 88
7 45 246 73 304
8 51 126 81 210
10 163 80 181 122
11 97 54 125 124
10 160 14 178 54
10 101 45 119 85
10 96 119 116 161
10 96 158 118 204
10 94 257 114 299
10 171 208 189 256
10 178 308 202 354
