1 302 33 324 89
1 205 105 227 161
5 284 136 308 206
3 308 82 340 162
6 337 302 369 362
6 296 4 318 54
3 325 201 357 259
4 277 119 295 163
3 239 112 265 170
4 267 12 285 54
4 231 47 251 91
4 205 84 223 128
4 207 164 229 208
4 297 307 319 355
4 238 205 258 251
4 210 257 234 303
9 131 105 155 161
12 122 298 150 356
12 68 5 90 55
7 61 25 85 85
7 35 246 63 306
8 45 125 77 209
10 162 76 182 120
11 96 51 126 121
10 163 8 181 50
10 101 40 119 82
10 92 115 114 159
10 92 157 114 203
10 85 258 105 300
10 165 206 185 256
10 169 309 193 355
