5 57 91 87 159
2 53 117 85 197
1 47 183 71 239
1 74 61 96 115
3 78 31 104 79
3 34 237 66 289
6 82 2 102 46
6 28 289 58 343
4 76 295 98 339
4 83 241 105 285
4 92 196 110 238
4 97 151 117 193
4 104 110 124 150
4 110 73 128 115
4 116 40 134 78
4 118 3 136 43
11 316 78 344 150
8 322 111 350 193
7 318 54 340 110
7 329 177 353 233
9 312 21 334 75
9 323 226 351 286
12 332 289 360 347
12 314 0 334 38
10 282 0 298 38
10 282 34 300 72
10 282 70 300 112
10 281 107 303 149
10 281 151 301 193
10 284 195 308 239
10 283 239 305 285
10 287 294 311 338
