5 315 82 343 148
2 315 107 345 185
1 327 172 351 226
1 307 53 327 105
3 301 25 325 71
3 331 224 361 274
6 303 0 323 38
6 337 275 365 327
4 297 281 319 323
4 293 230 313 272
4 288 186 306 226
4 284 142 302 182
4 279 102 297 140
4 275 67 291 107
4 272 34 288 70
4 270 0 286 36
11 65 77 91 147
8 57 108 85 188
7 69 54 89 108
7 52 174 76 228
9 76 21 98 73
9 52 220 80 278
12 42 283 68 339
12 77 0 97 38
10 112 0 128 38
10 109 33 127 69
10 108 68 124 108
10 104 102 124 144
10 104 146 124 188
10 97 191 119 233
10 96 233 118 277
10 89 285 113 329
