5 314 81 342 147
2 314 106 344 184
1 326 171 350 225
1 306 53 326 105
3 300 25 324 71
3 330 223 360 273
6 302 0 322 38
6 335 274 363 326
4 296 280 318 322
4 292 229 312 271
4 287 185 305 225
4 283 142 301 182
4 278 102 296 140
4 275 66 291 106
4 271 34 287 70
4 269 0 285 36
11 65 75 91 145
8 58 106 84 186
7 70 52 90 106
7 53 172 77 226
9 76 19 98 71
9 52 218 80 276
12 42 280 68 336
12 78 0 96 36
10 112 0 128 36
10 109 32 127 68
10 109 67 125 107
10 104 101 124 143
10 104 144 124 186
10 97 189 119 231
10 97 231 119 275
10 91 284 113 326
