5 81 72 109 136
2 76 99 112 181
1 93 44 117 100
1 77 170 105 226
6 98 9 124 61
6 66 219 100 277
6 100 3 122 29
6 62 275 96 333
4 140 4 158 26
4 137 20 157 62
4 134 56 154 98
4 131 89 151 137
4 126 132 146 178
4 122 177 142 225
4 117 227 139 275
4 112 279 136 331
11 348 71 378 145
8 355 103 387 189
7 348 45 372 103
7 366 170 394 232
9 343 14 369 66
9 367 231 399 291
12 375 287 407 349
12 339 10 363 30
10 308 9 328 27
10 308 23 330 63
10 310 60 332 104
10 313 98 339 142
10 314 143 340 189
10 321 191 347 233
10 322 234 350 282
10 329 290 357 336
