5 317 76 343 140
2 315 103 349 185
1 306 47 328 103
1 324 174 350 230
6 298 14 322 64
6 331 223 363 281
6 299 9 319 33
6 337 280 369 336
4 262 8 282 28
4 265 22 283 62
4 269 57 289 99
4 274 90 294 138
4 281 133 299 179
4 287 179 305 227
4 292 229 312 275
4 298 280 320 332
11 48 59 76 133
8 41 92 71 176
7 52 33 74 91
7 37 157 63 219
9 55 3 79 55
9 33 218 63 278
12 28 272 58 334
12 60 2 82 20
10 93 3 115 19
10 93 15 113 55
10 93 51 113 93
10 88 88 112 132
10 88 133 112 179
10 82 180 108 222
10 82 224 108 270
10 78 279 104 325
