5 78 93 102 153
2 72 119 104 197
1 90 65 112 119
1 72 186 96 240
6 96 34 118 82
6 59 232 89 288
6 99 6 119 52
6 53 286 85 340
4 136 9 152 49
4 133 43 151 81
4 129 77 147 117
4 125 109 143 153
4 119 149 137 193
4 114 193 132 237
4 108 241 128 285
4 101 290 123 338
11 333 89 359 159
8 338 119 366 201
7 333 64 355 118
7 346 183 370 241
9 329 35 351 85
9 347 241 375 299
12 352 293 380 353
12 325 6 347 50
10 295 10 315 46
10 295 44 315 82
10 296 79 316 119
10 297 115 321 157
10 298 157 322 201
10 303 203 327 243
10 303 245 329 289
10 307 297 333 341
