10 297 40 315 80
4 112 109 132 153
2 68 64 100 156
4 190 77 208 117
10 295 11 321 53
4 161 36 183 80
1 88 21 112 77
11 289 50 321 108
10 293 105 319 159
4 128 4 146 42
10 233 69 253 117
8 339 129 371 209
7 330 27 360 93
3 184 106 212 162
12 328 12 358 66
10 217 205 243 255
3 146 96 172 158
5 94 133 126 203
4 165 250 191 296
10 300 259 324 305
6 96 4 120 38
4 145 196 169 248
6 28 291 60 355
7 347 248 379 312
3 44 189 80 245
9 338 196 370 262
9 257 98 285 160
10 295 147 323 203
4 178 158 202 208
10 212 304 240 356
12 251 299 283 363
4 78 299 102 349
