10 289 52 305 90
4 112 123 130 165
2 69 79 99 167
4 186 90 204 128
10 289 19 311 63
4 158 51 178 93
1 87 38 111 92
11 281 62 311 116
10 285 114 309 166
4 125 19 143 57
10 227 82 247 126
8 330 137 360 213
7 320 38 348 102
3 180 117 206 171
12 319 12 347 74
10 213 214 239 260
3 144 109 168 169
5 94 146 124 212
4 165 257 189 301
10 294 262 316 306
6 96 12 118 54
4 145 206 167 254
6 33 300 63 360
7 339 252 369 312
3 47 201 81 253
9 330 202 360 264
9 251 108 277 168
10 288 155 314 209
4 175 169 199 215
10 210 308 236 358
12 247 302 277 364
4 80 306 104 354
