10 284 45 302 85
4 98 121 118 165
2 52 78 86 168
4 177 86 195 126
10 284 12 308 58
4 148 47 170 89
1 74 34 100 90
11 276 56 308 112
10 279 111 305 165
4 115 13 133 53
10 219 78 239 124
8 324 133 356 213
7 317 31 347 97
3 169 115 197 171
12 315 4 345 68
10 203 214 229 263
3 132 107 158 169
5 78 146 112 214
4 151 260 177 306
10 286 264 310 310
6 83 6 107 50
4 131 208 155 258
6 13 305 45 369
7 332 253 364 315
3 29 204 65 258
9 324 201 356 265
9 244 105 272 167
10 281 153 309 209
4 164 168 188 216
10 197 312 225 364
12 236 306 268 370
4 62 312 86 362
