2 75 64 107 148
5 106 120 138 198
6 48 291 82 349
6 93 0 119 38
1 262 178 290 240
1 130 0 154 40
3 152 94 178 156
3 136 235 166 293
4 158 189 184 239
4 98 296 126 344
4 121 104 141 150
4 167 29 185 75
4 194 0 216 36
4 194 65 214 113
4 266 148 286 194
4 185 241 207 291
12 330 0 352 36
12 270 283 300 345
11 294 32 324 106
8 344 107 378 191
7 333 8 359 68
7 357 232 387 292
9 345 182 379 240
9 263 89 289 145
10 235 57 257 103
10 236 0 258 34
10 297 24 319 66
10 305 98 327 144
10 313 240 339 290
10 306 139 330 187
10 233 194 255 242
10 228 295 254 345
