2 315 84 347 168
5 287 140 317 218
6 349 310 383 368
6 301 6 325 58
1 137 198 165 260
1 266 5 288 59
3 246 113 270 175
3 263 255 291 313
4 243 208 269 258
4 306 315 332 363
4 283 123 301 169
4 236 49 254 95
4 204 11 224 55
4 208 85 228 133
4 139 167 159 213
4 221 260 243 310
12 66 5 88 55
12 132 302 160 364
11 98 51 128 125
8 47 127 79 211
7 61 27 85 87
7 42 251 72 311
9 49 201 81 259
9 135 108 159 164
10 165 77 185 123
10 162 7 182 53
10 101 43 121 85
10 97 117 117 163
10 90 259 114 309
10 95 158 119 206
10 173 214 193 262
10 177 315 203 365
