2 305 66 339 152
5 277 124 309 202
6 342 294 378 354
6 289 0 317 40
1 126 186 154 250
1 254 0 278 42
3 235 98 261 160
3 254 241 284 301
4 234 195 260 245
4 298 301 326 351
4 273 106 293 154
4 223 33 243 79
4 191 0 213 40
4 197 70 217 118
4 127 155 147 201
4 213 248 235 298
12 51 0 75 44
12 122 292 152 356
11 84 39 114 113
8 34 116 68 200
7 46 15 72 75
7 30 242 60 304
9 36 192 70 250
9 122 94 148 152
10 152 62 174 110
10 149 0 169 38
10 87 29 109 73
10 84 105 106 153
10 78 250 104 300
10 83 146 107 196
10 162 201 184 251
10 168 304 194 356
