6 300 6 326 60
6 356 312 390 372
2 316 85 350 171
5 292 141 322 213
4 285 125 303 171
4 315 318 339 366
3 340 209 372 265
3 247 117 273 177
1 266 2 288 62
1 206 114 234 174
4 203 14 223 58
4 235 52 255 96
4 207 91 229 137
4 219 170 239 216
4 248 214 270 262
4 224 267 248 317
9 134 112 160 172
9 48 210 82 268
8 49 136 81 220
7 44 262 74 322
7 59 34 85 94
12 65 11 87 65
12 135 312 165 372
10 93 269 117 317
10 96 169 120 213
10 96 126 118 170
11 95 59 127 131
10 102 49 120 89
10 161 14 181 58
10 165 82 185 126
10 173 220 197 268
10 182 320 208 370
