6 294 0 320 32
6 334 288 368 348
2 306 57 340 145
5 278 114 308 188
4 273 98 291 144
4 291 294 317 342
3 323 184 357 240
3 235 89 261 151
1 261 0 283 34
1 194 86 222 148
4 198 0 216 30
4 227 23 247 69
4 197 64 219 110
4 204 144 224 190
4 231 187 253 237
4 203 241 227 291
9 120 85 148 145
9 28 184 62 242
8 32 108 66 194
7 21 236 51 298
7 49 6 75 66
12 57 0 79 36
12 111 286 141 348
10 70 244 94 292
10 79 142 103 186
10 82 99 104 143
11 85 30 117 104
10 93 20 111 62
10 155 0 175 30
10 154 54 174 100
10 154 194 178 242
10 158 296 184 346
