6 94 6 118 56
6 36 297 68 355
2 73 81 103 163
5 100 134 128 204
4 116 119 134 163
4 84 303 108 349
3 52 199 82 253
3 145 111 169 169
1 127 2 151 60
1 183 109 209 167
4 192 14 210 56
4 162 50 180 92
4 187 87 207 131
4 179 163 197 207
4 149 204 169 250
4 171 255 193 303
9 252 109 278 165
9 329 202 361 258
8 329 131 359 213
7 337 252 365 310
7 324 35 348 91
12 322 13 342 63
12 250 298 278 356
10 296 258 318 304
10 292 163 314 205
10 292 122 314 164
11 284 57 314 127
10 290 49 308 87
10 232 14 250 56
10 228 80 248 122
10 219 211 241 257
10 209 306 233 354
