11 100 52 130 122
2 309 73 341 153
1 264 0 286 50
6 298 0 320 48
4 279 112 299 154
6 343 287 375 345
4 301 296 327 342
3 261 240 289 296
3 246 106 268 162
5 207 130 233 204
4 219 249 241 295
4 243 197 263 243
4 234 42 252 84
4 207 7 221 49
4 208 80 226 122
4 143 160 161 206
1 141 191 163 249
8 53 126 83 208
12 71 7 93 57
9 136 105 160 159
9 54 198 82 254
7 67 30 89 88
7 47 247 75 305
10 106 44 124 82
10 99 115 119 157
10 93 252 117 300
10 100 157 120 201
10 165 7 183 49
10 167 73 185 117
10 173 204 193 250
