11 87 39 119 111
2 304 68 336 150
1 258 0 280 42
6 292 0 316 40
4 273 107 293 151
6 336 293 370 351
4 294 299 320 347
3 252 239 280 297
3 238 99 260 157
5 197 124 223 200
4 207 247 231 295
4 234 193 254 241
4 227 33 245 75
4 198 0 214 40
4 198 71 218 115
4 129 153 149 199
1 128 183 152 243
8 38 114 68 198
12 58 0 80 42
9 124 94 150 150
9 37 188 67 246
7 53 14 75 74
7 30 238 58 298
10 94 30 112 70
10 85 103 107 147
10 77 246 101 296
10 85 147 107 193
10 155 0 175 38
10 157 62 175 108
10 161 199 181 245
