11 301 53 335 125
2 84 77 118 161
1 139 2 163 54
6 104 2 128 52
4 129 118 151 162
6 56 302 92 362
4 106 309 134 357
3 145 251 175 309
3 162 111 186 169
5 199 136 227 212
4 195 259 219 307
4 169 205 191 253
4 175 45 195 87
4 206 8 222 52
4 204 83 224 127
4 274 166 294 212
1 272 197 298 257
8 354 129 386 213
12 338 6 362 58
9 273 108 299 164
9 357 203 389 261
7 344 29 368 89
7 367 254 397 314
10 308 44 328 84
10 315 118 337 162
10 324 260 350 310
10 317 161 339 207
10 245 7 265 51
10 246 75 266 121
10 243 213 263 259
