2 80 84 114 164
5 190 140 216 212
1 135 4 157 60
6 100 9 122 57
6 53 299 85 355
4 100 303 126 349
3 140 241 170 303
3 155 112 179 168
4 124 121 144 163
4 168 50 186 92
4 195 86 213 128
4 157 203 177 247
4 184 254 206 300
4 261 165 281 205
1 259 195 283 253
10 296 46 314 90
11 291 56 315 124
8 337 127 367 205
9 338 197 368 253
7 327 34 355 88
7 348 246 376 302
9 259 107 285 161
12 323 7 349 59
10 236 11 256 55
10 234 80 254 124
10 301 118 321 160
10 302 160 324 202
10 307 253 333 299
10 232 210 252 254
