2 73 77 107 159
5 181 133 209 207
1 130 0 154 54
6 97 2 119 50
6 37 295 71 353
4 86 300 112 346
3 128 236 158 300
3 148 105 172 163
4 117 115 137 157
4 162 43 182 85
4 190 79 208 123
4 148 196 168 242
4 174 249 196 295
4 255 159 275 199
1 251 190 275 248
10 294 37 312 81
11 287 47 313 117
8 333 119 363 199
9 331 190 363 248
7 326 24 354 80
7 340 240 368 298
9 254 100 280 154
12 323 0 349 50
10 234 3 254 47
10 230 73 250 117
10 297 109 317 153
10 295 152 319 196
10 298 247 324 295
10 223 204 243 248
