5 61 79 93 151
2 57 105 91 189
1 75 51 97 107
1 54 177 80 233
3 81 18 105 70
3 41 229 73 283
6 84 2 106 36
6 36 282 66 336
4 85 289 107 333
4 92 236 114 278
4 97 190 119 232
4 105 143 123 185
4 111 100 129 142
4 115 64 135 106
4 120 29 138 69
4 123 2 139 32
11 327 74 355 148
8 334 107 362 193
7 329 50 351 106
7 342 176 368 236
9 325 18 349 72
9 342 236 370 294
12 321 5 343 35
12 347 291 379 351
10 290 5 310 33
10 290 29 310 69
10 292 66 310 108
10 292 103 314 145
10 292 147 316 191
10 296 193 320 237
10 297 237 319 283
10 301 289 323 339
