5 308 82 340 154
2 309 108 343 192
1 304 54 326 110
1 318 179 344 235
3 297 21 321 73
3 325 232 357 286
6 296 5 318 39
6 331 285 361 339
4 290 290 312 334
4 284 237 306 279
4 279 191 301 233
4 276 144 296 186
4 270 101 290 143
4 266 65 286 107
4 264 30 282 70
4 263 4 279 34
11 47 68 75 142
8 38 100 68 186
7 51 44 73 100
7 33 169 59 229
9 54 12 78 66
9 29 229 59 287
12 60 1 82 29
12 20 283 52 343
10 93 2 113 28
10 93 24 113 64
10 93 61 111 103
10 87 98 109 140
10 85 142 109 186
10 80 187 104 231
10 80 231 102 277
10 75 284 97 332
