5 312 82 344 152
2 313 108 347 188
1 308 54 332 108
1 322 176 348 230
3 302 23 326 73
3 327 226 359 278
6 302 0 324 40
6 332 277 362 329
4 292 284 314 328
4 287 232 309 274
4 284 189 306 229
4 281 144 301 184
4 276 102 296 142
4 272 68 292 108
4 271 34 289 72
4 270 0 286 38
11 60 78 88 148
8 51 109 81 191
7 65 54 87 108
7 45 175 71 233
9 68 23 92 75
9 40 233 70 289
12 74 0 96 40
12 31 286 63 344
10 106 0 126 36
10 105 34 125 72
10 104 69 122 109
10 99 104 121 146
10 96 148 120 190
10 91 192 115 234
10 90 233 112 279
10 84 284 106 332
