2 63 69 95 151
5 54 118 86 192
3 45 189 75 243
3 66 60 94 112
1 43 235 73 297
1 79 15 101 75
6 84 0 108 40
6 31 295 65 353
4 82 299 106 347
4 90 237 114 285
4 100 193 122 239
4 101 144 123 188
4 107 106 131 150
4 110 73 130 117
4 119 34 139 76
4 119 0 137 38
11 325 77 355 153
8 331 107 365 193
9 330 52 356 106
9 333 180 367 240
7 322 5 348 67
7 344 232 374 294
12 318 0 342 38
12 346 297 380 357
10 288 0 310 34
10 285 24 307 70
10 292 61 314 107
10 292 99 316 143
10 293 140 317 188
10 303 302 329 350
10 300 239 326 291
10 218 194 242 244
