2 316 88 348 170
5 326 138 358 210
3 338 206 368 260
3 316 81 344 131
1 344 252 372 312
1 308 37 330 95
6 301 11 323 59
6 352 310 386 368
4 312 316 336 362
4 304 254 326 300
4 293 212 315 256
4 291 163 311 205
4 280 126 304 168
4 281 94 301 136
4 271 54 291 96
4 271 16 289 58
11 61 99 91 173
8 54 129 86 213
9 60 75 86 127
9 52 200 86 258
7 66 28 92 88
7 48 250 78 312
12 71 9 95 59
12 44 313 78 373
10 103 14 123 56
10 107 47 127 91
10 101 84 123 128
10 100 120 122 164
10 101 161 125 207
10 94 319 120 365
10 95 257 121 307
10 177 213 199 261
