2 81 83 113 163
5 73 131 105 201
3 65 198 95 250
3 83 75 111 125
1 63 244 91 302
1 96 32 118 90
6 101 7 125 55
6 51 300 85 356
4 101 306 125 352
4 109 246 131 292
4 118 206 140 248
4 119 157 139 199
4 124 121 148 163
4 126 89 146 131
4 135 52 155 92
4 135 13 153 55
11 334 100 364 174
8 340 130 372 212
9 338 78 364 128
9 342 200 376 258
7 331 30 357 90
7 353 250 383 310
12 327 13 351 61
12 356 312 388 370
10 298 16 318 58
10 296 48 316 92
10 301 84 323 128
10 303 121 325 163
10 303 160 327 206
10 314 316 340 362
10 310 256 336 304
10 232 209 254 257
