5 311 99 339 163
2 313 123 345 201
1 306 71 328 123
1 322 188 346 242
3 298 40 322 88
3 329 238 359 288
6 298 13 318 55
6 336 290 364 342
4 265 13 281 51
4 268 46 284 86
4 273 81 289 121
4 276 114 294 156
4 280 155 300 195
4 287 197 305 241
4 291 243 311 285
4 296 294 318 336
11 64 81 90 151
8 57 113 85 191
7 53 177 77 233
7 68 59 88 113
9 70 28 92 78
9 49 233 77 287
10 92 289 116 333
10 94 238 120 280
10 98 196 120 236
10 104 152 124 194
10 103 111 125 151
10 108 76 126 116
10 109 41 127 77
10 109 6 127 46
12 75 2 95 44
12 44 282 72 340
