5 71 86 101 152
2 65 110 99 190
1 84 57 106 109
1 62 177 88 233
3 91 25 115 73
3 49 227 81 279
6 94 0 116 42
6 42 281 72 335
4 132 0 150 38
4 129 32 147 72
4 123 68 141 108
4 118 103 136 145
4 111 145 133 185
4 105 187 125 231
4 98 234 120 278
4 90 286 114 330
11 329 74 357 146
8 333 107 363 187
7 341 173 365 231
7 331 51 353 107
9 327 20 351 70
9 339 231 369 287
10 299 288 323 332
10 296 235 322 279
10 297 191 319 233
10 293 147 315 189
10 293 103 315 145
10 292 68 310 108
10 292 32 312 70
10 292 0 312 38
12 324 0 346 36
12 344 282 374 342
