5 320 94 350 162
2 322 119 356 201
1 314 64 338 118
1 332 188 358 246
3 306 31 330 81
3 340 240 372 294
6 305 3 327 47
6 347 296 379 352
4 270 4 288 44
4 273 38 291 80
4 279 75 297 117
4 283 111 301 155
4 287 154 309 196
4 294 198 314 244
4 299 247 321 293
4 304 302 328 346
11 56 82 84 156
8 48 116 78 200
7 46 183 70 243
7 60 58 82 116
9 62 26 86 78
9 41 244 71 302
10 88 303 112 349
10 89 247 117 293
10 93 203 115 247
10 98 157 120 201
10 98 112 120 156
10 104 75 122 117
10 103 39 123 77
10 104 0 122 44
12 68 0 88 42
12 35 297 65 359
