5 337 140 371 216
2 326 92 360 172
3 325 80 355 132
3 348 212 382 264
1 318 37 340 97
1 355 260 385 318
6 308 7 332 61
6 365 319 399 375
4 323 323 349 371
4 311 260 339 308
4 300 216 324 260
4 298 166 322 210
4 294 130 316 172
4 290 94 312 138
4 283 54 301 96
4 280 16 298 60
11 65 101 95 175
8 57 132 91 218
9 62 78 90 128
9 59 207 89 265
7 70 31 94 91
7 53 258 83 320
12 74 7 98 59
12 49 322 81 382
10 107 14 127 56
10 110 49 130 93
10 105 87 125 131
10 106 124 128 166
10 105 166 129 212
10 104 216 128 262
10 101 268 125 316
10 98 328 126 376
