5 70 133 104 207
2 78 89 112 165
3 82 77 110 127
3 62 201 96 253
1 93 37 115 93
1 64 247 92 303
6 99 8 123 60
6 53 303 85 357
4 100 309 126 355
4 106 249 134 297
4 117 207 141 251
4 118 161 140 203
4 122 125 142 167
4 124 92 144 134
4 131 55 149 95
4 132 18 150 60
11 332 108 360 180
8 338 139 370 221
9 333 87 361 135
9 342 210 372 266
7 328 43 352 99
7 351 259 381 317
12 323 19 347 69
12 356 320 388 378
10 295 24 315 66
10 294 57 314 99
10 301 93 321 135
10 300 129 322 169
10 302 169 324 213
10 307 217 329 261
10 311 266 335 312
10 314 324 342 370
