5 68 123 100 197
2 78 78 110 154
3 81 65 109 117
3 57 192 89 244
1 94 23 116 81
1 55 239 83 295
6 103 0 125 46
6 42 296 74 350
4 89 298 115 346
4 99 238 125 286
4 111 195 135 239
4 114 148 136 190
4 120 112 140 154
4 123 78 143 120
4 132 40 150 80
4 135 3 153 45
11 333 81 361 153
8 338 111 368 193
9 335 59 363 107
9 339 183 367 239
7 333 14 355 72
7 345 232 373 292
12 329 0 351 42
12 349 293 379 351
10 301 0 319 40
10 297 32 317 74
10 302 67 322 111
10 300 103 320 145
10 300 145 322 189
10 302 191 324 237
10 304 243 328 289
10 304 300 332 346
