1 280 222 306 286
6 227 0 251 46
6 335 276 363 334
2 310 107 344 191
5 232 82 256 152
1 204 178 226 236
4 268 69 288 111
4 265 34 281 74
4 277 142 297 188
4 282 189 302 231
4 254 289 276 337
4 242 235 264 279
4 200 101 218 143
4 201 0 219 44
3 229 20 251 76
3 162 135 190 191
11 52 77 82 151
8 46 109 76 193
12 84 282 110 340
12 62 0 88 40
7 132 0 152 42
7 42 175 68 233
9 131 50 155 108
9 45 224 73 286
10 166 101 184 145
10 161 31 181 75
10 99 0 119 40
10 98 69 118 111
10 92 148 116 190
10 91 192 111 236
10 91 235 113 283
10 169 286 193 334
