1 283 232 309 296
6 228 5 252 53
6 339 288 367 346
2 313 118 347 202
5 234 90 260 160
1 207 184 229 242
4 270 78 290 120
4 267 43 283 83
4 280 152 300 198
4 285 197 307 241
4 259 297 281 347
4 246 243 268 287
4 201 108 221 150
4 202 7 220 51
3 229 28 253 84
3 165 140 193 198
11 54 78 84 154
8 47 110 79 194
12 87 284 115 344
12 63 2 89 42
7 133 3 153 47
7 44 176 72 234
9 133 53 157 113
9 48 225 78 287
10 168 107 186 151
10 162 36 182 80
10 99 2 119 44
10 100 72 120 114
10 95 151 119 193
10 94 195 114 239
10 93 238 117 286
10 173 291 197 341
