1 103 224 129 284
6 160 6 182 52
6 48 275 76 331
2 67 112 101 194
5 153 87 177 155
1 181 180 203 236
4 124 76 142 116
4 129 43 145 81
4 113 146 133 190
4 107 190 127 232
4 131 287 153 335
4 144 236 166 278
4 190 107 208 147
4 190 9 208 51
3 159 28 181 82
3 217 140 243 194
11 320 82 350 154
8 326 115 356 195
12 292 281 318 337
12 317 3 341 47
7 256 3 274 49
7 333 178 359 234
9 251 57 275 113
9 328 226 356 284
10 223 107 241 149
10 226 39 246 81
10 287 5 307 47
10 287 75 307 115
10 288 152 310 192
10 292 194 312 236
10 290 236 312 282
10 213 285 235 331
