11 65 78 95 148
8 59 110 89 190
9 141 49 165 107
9 60 218 88 278
12 100 278 126 334
12 74 0 98 42
7 57 172 83 230
7 140 0 162 40
10 176 101 194 139
10 172 35 188 73
10 110 1 128 41
10 110 70 128 110
10 107 148 129 188
10 105 190 125 232
10 106 231 126 275
10 183 280 205 324
3 237 21 257 75
3 174 131 200 189
5 317 81 345 143
2 317 107 349 183
6 235 0 255 44
6 344 272 374 326
1 307 53 325 107
1 290 220 314 278
4 289 186 311 226
4 283 140 305 184
4 253 231 275 273
4 265 281 287 325
4 273 69 293 107
4 270 35 286 75
4 208 2 224 42
4 209 99 227 141
