11 65 75 95 147
8 59 108 89 190
9 142 47 168 105
9 59 219 89 279
12 100 280 128 336
12 74 0 98 40
7 57 172 83 230
7 141 0 163 38
10 178 99 196 139
10 174 32 190 72
10 110 0 130 38
10 110 67 128 109
10 108 148 130 188
10 106 189 126 233
10 106 232 128 278
10 185 282 207 328
3 240 19 260 75
3 177 131 203 189
5 322 82 350 144
2 322 108 354 186
6 238 0 258 42
6 348 277 380 331
1 311 52 329 108
1 294 224 320 282
4 293 188 317 228
4 288 141 310 185
4 257 233 279 277
4 269 285 291 329
4 277 69 297 109
4 273 33 291 75
4 211 0 227 40
4 212 98 230 142
