11 332 68 360 142
8 339 102 369 186
9 256 40 280 100
9 342 217 370 279
12 303 281 329 339
12 326 0 350 30
7 346 168 372 228
7 258 0 280 29
10 227 94 245 134
10 232 24 248 66
10 293 0 313 30
10 296 60 314 102
10 297 143 319 185
10 302 186 322 232
10 301 231 323 279
10 219 284 241 332
3 159 11 177 69
3 221 126 247 188
5 66 78 94 142
2 63 104 95 186
6 158 0 180 36
6 41 281 71 337
1 88 47 106 105
1 102 224 126 284
4 105 187 127 229
4 110 139 132 185
4 144 235 166 279
4 133 288 155 334
4 121 63 141 105
4 128 26 144 70
4 191 0 207 34
4 191 94 209 138
