5 312 97 338 163
2 315 123 345 199
1 304 69 322 121
1 323 186 349 242
3 298 36 320 88
3 330 238 360 290
6 298 11 318 57
6 337 289 365 343
4 266 12 282 52
4 268 48 284 86
4 273 82 289 120
4 276 115 294 155
4 281 154 299 194
4 286 198 306 240
4 290 243 312 285
4 298 290 318 336
11 65 82 89 152
8 58 113 84 193
7 69 56 89 112
7 55 176 77 230
9 75 27 97 79
9 56 223 82 281
12 77 2 95 44
12 45 283 73 339
10 110 5 126 45
10 109 40 125 78
10 108 75 124 115
10 105 109 123 149
10 106 151 124 191
10 100 194 120 236
10 100 238 120 280
10 94 288 118 332
