5 68 90 96 156
2 62 115 94 191
1 86 61 106 113
1 56 179 84 235
3 89 28 113 80
3 44 231 76 283
6 92 3 112 49
6 37 283 67 337
4 129 4 145 44
4 125 39 143 79
4 120 75 136 113
4 114 109 132 149
4 107 148 127 188
4 100 191 120 233
4 92 237 114 281
4 85 284 107 332
11 321 81 349 151
8 325 112 355 192
7 323 55 345 111
7 332 176 356 232
9 316 25 340 77
9 326 224 354 282
12 318 0 338 42
12 333 286 363 342
10 287 2 305 42
10 287 37 305 75
10 288 72 304 112
10 288 108 306 148
10 285 150 305 190
10 289 194 309 236
10 287 237 309 281
10 289 289 313 333
