5 314 97 342 167
2 317 124 349 204
1 306 66 324 122
1 326 191 352 249
3 299 33 323 87
3 333 244 365 300
6 301 11 321 55
6 340 298 370 354
4 267 10 283 50
4 268 43 286 85
4 274 80 290 120
4 277 115 295 157
4 282 156 302 198
4 288 202 308 246
4 293 249 315 295
4 299 298 321 348
11 55 80 81 152
8 48 111 76 195
7 60 53 80 111
7 44 177 68 235
9 65 21 89 77
9 45 227 73 289
12 68 2 88 40
12 35 290 63 350
10 102 3 120 41
10 101 36 119 76
10 101 72 117 114
10 98 108 116 150
10 99 152 117 194
10 93 198 113 242
10 93 242 113 288
10 86 295 110 341
