5 74 90 104 158
2 72 115 102 195
6 50 281 80 335
6 99 5 117 51
1 92 60 112 116
1 107 230 131 286
4 133 5 151 45
4 126 76 142 116
4 131 41 147 81
4 108 193 130 233
4 116 147 134 189
4 137 289 157 333
4 148 237 168 283
4 192 105 210 147
3 161 29 181 81
3 221 135 243 193
11 327 82 351 152
8 333 114 359 192
7 327 58 347 114
7 340 180 362 234
9 256 56 276 114
9 334 226 362 284
12 299 284 323 340
12 322 1 340 45
10 292 6 306 44
10 291 40 307 76
10 292 76 308 114
10 293 110 311 150
10 294 152 312 192
10 298 194 316 236
10 297 238 317 280
10 219 286 239 332
