5 47 83 79 155
2 43 110 77 194
6 20 285 52 345
6 72 0 94 40
1 67 51 87 109
1 83 233 109 289
4 91 143 111 185
4 85 189 107 235
4 115 294 137 338
4 126 236 148 284
4 102 66 120 108
4 109 30 125 70
4 111 0 129 34
3 141 14 161 72
3 119 170 145 232
4 174 95 192 141
11 317 65 343 139
8 322 98 352 184
7 330 167 354 227
7 317 39 339 97
9 238 37 264 103
9 324 213 354 281
10 200 289 222 335
10 284 233 308 279
10 284 188 308 236
10 279 141 303 185
10 277 96 303 140
10 278 59 300 101
10 276 22 298 62
10 279 0 295 26
12 310 0 332 26
12 286 281 312 341
