5 77 92 107 160
2 74 117 106 195
6 58 277 88 333
6 97 7 119 53
1 94 63 114 117
1 113 233 139 285
4 120 149 138 189
4 115 192 135 234
4 144 290 166 332
4 153 238 175 282
4 127 79 145 117
4 132 47 148 83
4 134 9 150 49
3 162 32 182 86
3 146 176 172 234
4 194 110 212 152
11 327 90 353 158
8 333 120 361 200
7 341 185 365 241
7 326 66 348 120
9 253 59 277 121
9 337 227 365 289
10 224 290 246 334
10 301 244 325 286
10 299 202 323 246
10 294 159 316 199
10 291 117 315 157
10 291 82 311 120
10 287 47 309 85
10 289 14 305 52
12 318 10 340 54
12 304 289 330 343
