5 300 94 334 168
2 302 122 336 206
6 323 299 357 357
6 289 3 309 51
1 293 62 315 122
1 268 245 296 305
4 254 3 272 45
4 260 79 278 123
4 256 42 274 84
4 271 205 295 247
4 268 155 288 201
4 241 309 263 355
4 230 253 252 301
4 187 111 207 155
3 219 29 241 85
3 151 142 175 206
11 35 85 63 161
8 27 120 55 204
7 41 60 63 120
7 23 191 47 249
9 117 57 139 121
9 21 240 51 302
12 63 303 89 363
12 49 0 69 46
10 85 4 101 44
10 85 40 101 80
10 83 79 99 119
10 78 115 98 159
10 77 160 97 204
10 72 207 92 251
10 70 253 92 299
10 153 305 175 355
