5 314 84 344 154
2 316 110 348 190
6 341 275 371 333
6 298 0 320 44
1 305 55 325 111
1 285 229 311 281
4 284 143 302 183
4 288 186 308 230
4 260 288 282 330
4 249 233 271 279
4 274 72 292 110
4 269 36 285 74
4 266 0 282 40
3 235 22 255 78
3 250 170 276 228
4 206 102 224 144
11 62 80 88 150
8 55 110 83 192
7 52 177 76 233
7 65 55 87 111
9 138 49 162 111
9 54 220 82 284
10 178 287 200 331
10 96 237 120 281
10 96 194 120 240
10 101 150 123 192
10 101 108 125 148
10 104 72 124 110
10 104 36 126 74
10 107 1 123 41
12 72 0 92 42
12 92 284 118 340
