5 66 80 98 150
2 63 106 95 186
6 38 273 70 329
6 94 0 112 40
1 85 49 105 107
1 97 221 123 279
4 128 0 146 34
4 120 64 136 106
4 126 29 142 69
4 100 183 122 223
4 108 136 126 180
4 127 280 147 324
4 138 227 160 273
4 186 93 204 135
3 155 16 177 70
3 214 121 238 181
11 323 65 349 137
8 328 97 356 177
7 324 42 344 98
7 334 164 358 220
9 252 41 272 101
9 329 210 357 270
12 290 271 316 329
12 321 0 339 28
10 289 0 305 28
10 288 24 304 60
10 289 61 305 99
10 289 94 307 136
10 288 138 308 178
10 291 181 311 223
10 290 224 312 268
10 209 275 231 323
